 
****************************************
Report : net
Design : aes_ASIC_new
Version: T-2022.03-SP2
Date   : Mon Mar 23 12:11:33 2026
****************************************


Operating Conditions: tt1p05v25c   Library: saed32hvt_tt1p05v25c
Wire Load Model Mode: segmented

Design        Wire Load Model            Library
------------------------------------------------
aes_ASIC_new           16000             saed32hvt_tt1p05v25c
aes_top                8000              saed32hvt_tt1p05v25c
encrypt                8000              saed32hvt_tt1p05v25c
key_expand             8000              saed32hvt_tt1p05v25c
encrypt_round_last     ForQA             saed32hvt_tt1p05v25c


Attributes:
   dr - drc disabled
    d - dont_touch
    I - ideal_network
    h - high fanout

Net Fanout Fanin     Load      LoadUR    LoadUF    LoadLR    LoadLF    Resist    Pins      Attr
-----------------------------------------------------------------------------------------------
PAD_busy      2      1  1413.97  1413.97  1413.97   1413.97   1413.97      0.02       2    
PAD_ciphertext[0]      2      1  1413.97  1413.97  1413.97  1413.97  1413.97     0.02      2
PAD_ciphertext[1]      2      1  1413.97  1413.97  1413.97  1413.97  1413.97     0.02      2
PAD_ciphertext[2]      2      1  1413.97  1413.97  1413.97  1413.97  1413.97     0.02      2
PAD_ciphertext[3]      2      1  1413.97  1413.97  1413.97  1413.97  1413.97     0.02      2
PAD_ciphertext[4]      2      1  1413.97  1413.97  1413.97  1413.97  1413.97     0.02      2
PAD_ciphertext[5]      2      1  1413.97  1413.97  1413.97  1413.97  1413.97     0.02      2
PAD_ciphertext[6]      2      1  1413.97  1413.97  1413.97  1413.97  1413.97     0.02      2
PAD_ciphertext[7]      2      1  1413.97  1413.97  1413.97  1413.97  1413.97     0.02      2
PAD_ciphertext[8]      2      1  1413.97  1413.97  1413.97  1413.97  1413.97     0.02      2
PAD_ciphertext[9]      2      1  1413.97  1413.97  1413.97  1413.97  1413.97     0.02      2
PAD_ciphertext[10]      2      1  1413.97  1413.97  1413.97  1413.97  1413.97     0.02      2
PAD_ciphertext[11]      2      1  1413.97  1413.97  1413.97  1413.97  1413.97     0.02      2
PAD_ciphertext[12]      2      1  1413.97  1413.97  1413.97  1413.97  1413.97     0.02      2
PAD_ciphertext[13]      2      1  1413.97  1413.97  1413.97  1413.97  1413.97     0.02      2
PAD_ciphertext[14]      2      1  1413.97  1413.97  1413.97  1413.97  1413.97     0.02      2
PAD_ciphertext[15]      2      1  1413.97  1413.97  1413.97  1413.97  1413.97     0.02      2
PAD_ciphertext[16]      2      1  1413.97  1413.97  1413.97  1413.97  1413.97     0.02      2
PAD_ciphertext[17]      2      1  1413.97  1413.97  1413.97  1413.97  1413.97     0.02      2
PAD_ciphertext[18]      2      1  1413.97  1413.97  1413.97  1413.97  1413.97     0.02      2
PAD_ciphertext[19]      2      1  1413.97  1413.97  1413.97  1413.97  1413.97     0.02      2
PAD_ciphertext[20]      2      1  1413.97  1413.97  1413.97  1413.97  1413.97     0.02      2
PAD_ciphertext[21]      2      1  1413.97  1413.97  1413.97  1413.97  1413.97     0.02      2
PAD_ciphertext[22]      2      1  1413.97  1413.97  1413.97  1413.97  1413.97     0.02      2
PAD_ciphertext[23]      2      1  1413.97  1413.97  1413.97  1413.97  1413.97     0.02      2
PAD_ciphertext[24]      2      1  1413.97  1413.97  1413.97  1413.97  1413.97     0.02      2
PAD_ciphertext[25]      2      1  1413.97  1413.97  1413.97  1413.97  1413.97     0.02      2
PAD_ciphertext[26]      2      1  1413.97  1413.97  1413.97  1413.97  1413.97     0.02      2
PAD_ciphertext[27]      2      1  1413.97  1413.97  1413.97  1413.97  1413.97     0.02      2
PAD_ciphertext[28]      2      1  1413.97  1413.97  1413.97  1413.97  1413.97     0.02      2
PAD_ciphertext[29]      2      1  1413.97  1413.97  1413.97  1413.97  1413.97     0.02      2
PAD_ciphertext[30]      2      1  1413.97  1413.97  1413.97  1413.97  1413.97     0.02      2
PAD_ciphertext[31]      2      1  1413.97  1413.97  1413.97  1413.97  1413.97     0.02      2
PAD_ciphertext[32]      2      1  1413.97  1413.97  1413.97  1413.97  1413.97     0.02      2
PAD_ciphertext[33]      2      1  1413.97  1413.97  1413.97  1413.97  1413.97     0.02      2
PAD_ciphertext[34]      2      1  1413.97  1413.97  1413.97  1413.97  1413.97     0.02      2
PAD_ciphertext[35]      2      1  1413.97  1413.97  1413.97  1413.97  1413.97     0.02      2
PAD_ciphertext[36]      2      1  1413.97  1413.97  1413.97  1413.97  1413.97     0.02      2
PAD_ciphertext[37]      2      1  1413.97  1413.97  1413.97  1413.97  1413.97     0.02      2
PAD_ciphertext[38]      2      1  1413.97  1413.97  1413.97  1413.97  1413.97     0.02      2
PAD_ciphertext[39]      2      1  1413.97  1413.97  1413.97  1413.97  1413.97     0.02      2
PAD_ciphertext[40]      2      1  1413.97  1413.97  1413.97  1413.97  1413.97     0.02      2
PAD_ciphertext[41]      2      1  1413.97  1413.97  1413.97  1413.97  1413.97     0.02      2
PAD_ciphertext[42]      2      1  1413.97  1413.97  1413.97  1413.97  1413.97     0.02      2
PAD_ciphertext[43]      2      1  1413.97  1413.97  1413.97  1413.97  1413.97     0.02      2
PAD_ciphertext[44]      2      1  1413.97  1413.97  1413.97  1413.97  1413.97     0.02      2
PAD_ciphertext[45]      2      1  1413.97  1413.97  1413.97  1413.97  1413.97     0.02      2
PAD_ciphertext[46]      2      1  1413.97  1413.97  1413.97  1413.97  1413.97     0.02      2
PAD_ciphertext[47]      2      1  1413.97  1413.97  1413.97  1413.97  1413.97     0.02      2
PAD_ciphertext[48]      2      1  1413.97  1413.97  1413.97  1413.97  1413.97     0.02      2
PAD_ciphertext[49]      2      1  1413.97  1413.97  1413.97  1413.97  1413.97     0.02      2
PAD_ciphertext[50]      2      1  1413.97  1413.97  1413.97  1413.97  1413.97     0.02      2
PAD_ciphertext[51]      2      1  1413.97  1413.97  1413.97  1413.97  1413.97     0.02      2
PAD_ciphertext[52]      2      1  1413.97  1413.97  1413.97  1413.97  1413.97     0.02      2
PAD_ciphertext[53]      2      1  1413.97  1413.97  1413.97  1413.97  1413.97     0.02      2
PAD_ciphertext[54]      2      1  1413.97  1413.97  1413.97  1413.97  1413.97     0.02      2
PAD_ciphertext[55]      2      1  1413.97  1413.97  1413.97  1413.97  1413.97     0.02      2
PAD_ciphertext[56]      2      1  1413.97  1413.97  1413.97  1413.97  1413.97     0.02      2
PAD_ciphertext[57]      2      1  1413.97  1413.97  1413.97  1413.97  1413.97     0.02      2
PAD_ciphertext[58]      2      1  1413.97  1413.97  1413.97  1413.97  1413.97     0.02      2
PAD_ciphertext[59]      2      1  1413.97  1413.97  1413.97  1413.97  1413.97     0.02      2
PAD_ciphertext[60]      2      1  1413.97  1413.97  1413.97  1413.97  1413.97     0.02      2
PAD_ciphertext[61]      2      1  1413.97  1413.97  1413.97  1413.97  1413.97     0.02      2
PAD_ciphertext[62]      2      1  1413.97  1413.97  1413.97  1413.97  1413.97     0.02      2
PAD_ciphertext[63]      2      1  1413.97  1413.97  1413.97  1413.97  1413.97     0.02      2
PAD_ciphertext[64]      2      1  1413.97  1413.97  1413.97  1413.97  1413.97     0.02      2
PAD_ciphertext[65]      2      1  1413.97  1413.97  1413.97  1413.97  1413.97     0.02      2
PAD_ciphertext[66]      2      1  1413.97  1413.97  1413.97  1413.97  1413.97     0.02      2
PAD_ciphertext[67]      2      1  1413.97  1413.97  1413.97  1413.97  1413.97     0.02      2
PAD_ciphertext[68]      2      1  1413.97  1413.97  1413.97  1413.97  1413.97     0.02      2
PAD_ciphertext[69]      2      1  1413.97  1413.97  1413.97  1413.97  1413.97     0.02      2
PAD_ciphertext[70]      2      1  1413.97  1413.97  1413.97  1413.97  1413.97     0.02      2
PAD_ciphertext[71]      2      1  1413.97  1413.97  1413.97  1413.97  1413.97     0.02      2
PAD_ciphertext[72]      2      1  1413.97  1413.97  1413.97  1413.97  1413.97     0.02      2
PAD_ciphertext[73]      2      1  1413.97  1413.97  1413.97  1413.97  1413.97     0.02      2
PAD_ciphertext[74]      2      1  1413.97  1413.97  1413.97  1413.97  1413.97     0.02      2
PAD_ciphertext[75]      2      1  1413.97  1413.97  1413.97  1413.97  1413.97     0.02      2
PAD_ciphertext[76]      2      1  1413.97  1413.97  1413.97  1413.97  1413.97     0.02      2
PAD_ciphertext[77]      2      1  1413.97  1413.97  1413.97  1413.97  1413.97     0.02      2
PAD_ciphertext[78]      2      1  1413.97  1413.97  1413.97  1413.97  1413.97     0.02      2
PAD_ciphertext[79]      2      1  1413.97  1413.97  1413.97  1413.97  1413.97     0.02      2
PAD_ciphertext[80]      2      1  1413.97  1413.97  1413.97  1413.97  1413.97     0.02      2
PAD_ciphertext[81]      2      1  1413.97  1413.97  1413.97  1413.97  1413.97     0.02      2
PAD_ciphertext[82]      2      1  1413.97  1413.97  1413.97  1413.97  1413.97     0.02      2
PAD_ciphertext[83]      2      1  1413.97  1413.97  1413.97  1413.97  1413.97     0.02      2
PAD_ciphertext[84]      2      1  1413.97  1413.97  1413.97  1413.97  1413.97     0.02      2
PAD_ciphertext[85]      2      1  1413.97  1413.97  1413.97  1413.97  1413.97     0.02      2
PAD_ciphertext[86]      2      1  1413.97  1413.97  1413.97  1413.97  1413.97     0.02      2
PAD_ciphertext[87]      2      1  1413.97  1413.97  1413.97  1413.97  1413.97     0.02      2
PAD_ciphertext[88]      2      1  1413.97  1413.97  1413.97  1413.97  1413.97     0.02      2
PAD_ciphertext[89]      2      1  1413.97  1413.97  1413.97  1413.97  1413.97     0.02      2
PAD_ciphertext[90]      2      1  1413.97  1413.97  1413.97  1413.97  1413.97     0.02      2
PAD_ciphertext[91]      2      1  1413.97  1413.97  1413.97  1413.97  1413.97     0.02      2
PAD_ciphertext[92]      2      1  1413.97  1413.97  1413.97  1413.97  1413.97     0.02      2
PAD_ciphertext[93]      2      1  1413.97  1413.97  1413.97  1413.97  1413.97     0.02      2
PAD_ciphertext[94]      2      1  1413.97  1413.97  1413.97  1413.97  1413.97     0.02      2
PAD_ciphertext[95]      2      1  1413.97  1413.97  1413.97  1413.97  1413.97     0.02      2
PAD_ciphertext[96]      2      1  1413.97  1413.97  1413.97  1413.97  1413.97     0.02      2
PAD_ciphertext[97]      2      1  1413.97  1413.97  1413.97  1413.97  1413.97     0.02      2
PAD_ciphertext[98]      2      1  1413.97  1413.97  1413.97  1413.97  1413.97     0.02      2
PAD_ciphertext[99]      2      1  1413.97  1413.97  1413.97  1413.97  1413.97     0.02      2
PAD_ciphertext[100]      2      1  1413.97  1413.97  1413.97  1413.97  1413.97     0.02      2
PAD_ciphertext[101]      2      1  1413.97  1413.97  1413.97  1413.97  1413.97     0.02      2
PAD_ciphertext[102]      2      1  1413.97  1413.97  1413.97  1413.97  1413.97     0.02      2
PAD_ciphertext[103]      2      1  1413.97  1413.97  1413.97  1413.97  1413.97     0.02      2
PAD_ciphertext[104]      2      1  1413.97  1413.97  1413.97  1413.97  1413.97     0.02      2
PAD_ciphertext[105]      2      1  1413.97  1413.97  1413.97  1413.97  1413.97     0.02      2
PAD_ciphertext[106]      2      1  1413.97  1413.97  1413.97  1413.97  1413.97     0.02      2
PAD_ciphertext[107]      2      1  1413.97  1413.97  1413.97  1413.97  1413.97     0.02      2
PAD_ciphertext[108]      2      1  1413.97  1413.97  1413.97  1413.97  1413.97     0.02      2
PAD_ciphertext[109]      2      1  1413.97  1413.97  1413.97  1413.97  1413.97     0.02      2
PAD_ciphertext[110]      2      1  1413.97  1413.97  1413.97  1413.97  1413.97     0.02      2
PAD_ciphertext[111]      2      1  1413.97  1413.97  1413.97  1413.97  1413.97     0.02      2
PAD_ciphertext[112]      2      1  1413.97  1413.97  1413.97  1413.97  1413.97     0.02      2
PAD_ciphertext[113]      2      1  1413.97  1413.97  1413.97  1413.97  1413.97     0.02      2
PAD_ciphertext[114]      2      1  1413.97  1413.97  1413.97  1413.97  1413.97     0.02      2
PAD_ciphertext[115]      2      1  1413.97  1413.97  1413.97  1413.97  1413.97     0.02      2
PAD_ciphertext[116]      2      1  1413.97  1413.97  1413.97  1413.97  1413.97     0.02      2
PAD_ciphertext[117]      2      1  1413.97  1413.97  1413.97  1413.97  1413.97     0.02      2
PAD_ciphertext[118]      2      1  1413.97  1413.97  1413.97  1413.97  1413.97     0.02      2
PAD_ciphertext[119]      2      1  1413.97  1413.97  1413.97  1413.97  1413.97     0.02      2
PAD_ciphertext[120]      2      1  1413.97  1413.97  1413.97  1413.97  1413.97     0.02      2
PAD_ciphertext[121]      2      1  1413.97  1413.97  1413.97  1413.97  1413.97     0.02      2
PAD_ciphertext[122]      2      1  1413.97  1413.97  1413.97  1413.97  1413.97     0.02      2
PAD_ciphertext[123]      2      1  1413.97  1413.97  1413.97  1413.97  1413.97     0.02      2
PAD_ciphertext[124]      2      1  1413.97  1413.97  1413.97  1413.97  1413.97     0.02      2
PAD_ciphertext[125]      2      1  1413.97  1413.97  1413.97  1413.97  1413.97     0.02      2
PAD_ciphertext[126]      2      1  1413.97  1413.97  1413.97  1413.97  1413.97     0.02      2
PAD_ciphertext[127]      2      1  1413.97  1413.97  1413.97  1413.97  1413.97     0.02      2
PAD_clk      1      1  2420.71  2414.90   2426.53   2414.90   2426.53      0.02       2    d
PAD_din_valid      1      1     3.07     3.46     3.44     2.50     2.47     0.02      2   
PAD_dout_valid      2      1  1413.97  1413.97  1413.97  1413.97  1413.97     0.02      2  
PAD_load_mkey      1      1     3.07     3.46     3.44     2.50     2.47     0.02      2   
PAD_mkey[0]      1      1  2420.71  2414.90  2426.53  2414.90  2426.53     0.02       2    
PAD_mkey[1]      1      1  2420.71  2414.90  2426.53  2414.90  2426.53     0.02       2    
PAD_mkey[2]      1      1  2420.71  2414.90  2426.53  2414.90  2426.53     0.02       2    
PAD_mkey[3]      1      1  2420.71  2414.90  2426.53  2414.90  2426.53     0.02       2    
PAD_mkey[4]      1      1  2420.71  2414.90  2426.53  2414.90  2426.53     0.02       2    
PAD_mkey[5]      1      1  2420.71  2414.90  2426.53  2414.90  2426.53     0.02       2    
PAD_mkey[6]      1      1  2420.71  2414.90  2426.53  2414.90  2426.53     0.02       2    
PAD_mkey[7]      1      1  2420.71  2414.90  2426.53  2414.90  2426.53     0.02       2    
PAD_mkey[8]      1      1  2420.71  2414.90  2426.53  2414.90  2426.53     0.02       2    
PAD_mkey[9]      1      1  2420.71  2414.90  2426.53  2414.90  2426.53     0.02       2    
PAD_mkey[10]      1      1  2420.71  2414.90  2426.53  2414.90  2426.53     0.02      2    
PAD_mkey[11]      1      1  2420.71  2414.90  2426.53  2414.90  2426.53     0.02      2    
PAD_mkey[12]      1      1  2420.71  2414.90  2426.53  2414.90  2426.53     0.02      2    
PAD_mkey[13]      1      1  2420.71  2414.90  2426.53  2414.90  2426.53     0.02      2    
PAD_mkey[14]      1      1  2420.71  2414.90  2426.53  2414.90  2426.53     0.02      2    
PAD_mkey[15]      1      1  2420.71  2414.90  2426.53  2414.90  2426.53     0.02      2    
PAD_mkey[16]      1      1  2420.71  2414.90  2426.53  2414.90  2426.53     0.02      2    
PAD_mkey[17]      1      1  2420.71  2414.90  2426.53  2414.90  2426.53     0.02      2    
PAD_mkey[18]      1      1  2420.71  2414.90  2426.53  2414.90  2426.53     0.02      2    
PAD_mkey[19]      1      1  2420.71  2414.90  2426.53  2414.90  2426.53     0.02      2    
PAD_mkey[20]      1      1  2420.71  2414.90  2426.53  2414.90  2426.53     0.02      2    
PAD_mkey[21]      1      1  2420.71  2414.90  2426.53  2414.90  2426.53     0.02      2    
PAD_mkey[22]      1      1  2420.71  2414.90  2426.53  2414.90  2426.53     0.02      2    
PAD_mkey[23]      1      1  2420.71  2414.90  2426.53  2414.90  2426.53     0.02      2    
PAD_mkey[24]      1      1  2420.71  2414.90  2426.53  2414.90  2426.53     0.02      2    
PAD_mkey[25]      1      1  2420.71  2414.90  2426.53  2414.90  2426.53     0.02      2    
PAD_mkey[26]      1      1  2420.71  2414.90  2426.53  2414.90  2426.53     0.02      2    
PAD_mkey[27]      1      1  2420.71  2414.90  2426.53  2414.90  2426.53     0.02      2    
PAD_mkey[28]      1      1  2420.71  2414.90  2426.53  2414.90  2426.53     0.02      2    
PAD_mkey[29]      1      1  2420.71  2414.90  2426.53  2414.90  2426.53     0.02      2    
PAD_mkey[30]      1      1  2420.71  2414.90  2426.53  2414.90  2426.53     0.02      2    
PAD_mkey[31]      1      1  2420.71  2414.90  2426.53  2414.90  2426.53     0.02      2    
PAD_mkey[32]      1      1  2420.71  2414.90  2426.53  2414.90  2426.53     0.02      2    
PAD_mkey[33]      1      1  2420.71  2414.90  2426.53  2414.90  2426.53     0.02      2    
PAD_mkey[34]      1      1  2420.71  2414.90  2426.53  2414.90  2426.53     0.02      2    
PAD_mkey[35]      1      1  2420.71  2414.90  2426.53  2414.90  2426.53     0.02      2    
PAD_mkey[36]      1      1  2420.71  2414.90  2426.53  2414.90  2426.53     0.02      2    
PAD_mkey[37]      1      1  2420.71  2414.90  2426.53  2414.90  2426.53     0.02      2    
PAD_mkey[38]      1      1  2420.71  2414.90  2426.53  2414.90  2426.53     0.02      2    
PAD_mkey[39]      1      1  2420.71  2414.90  2426.53  2414.90  2426.53     0.02      2    
PAD_mkey[40]      1      1  2420.71  2414.90  2426.53  2414.90  2426.53     0.02      2    
PAD_mkey[41]      1      1  2420.71  2414.90  2426.53  2414.90  2426.53     0.02      2    
PAD_mkey[42]      1      1  2420.71  2414.90  2426.53  2414.90  2426.53     0.02      2    
PAD_mkey[43]      1      1  2420.71  2414.90  2426.53  2414.90  2426.53     0.02      2    
PAD_mkey[44]      1      1  2420.71  2414.90  2426.53  2414.90  2426.53     0.02      2    
PAD_mkey[45]      1      1  2420.71  2414.90  2426.53  2414.90  2426.53     0.02      2    
PAD_mkey[46]      1      1  2420.71  2414.90  2426.53  2414.90  2426.53     0.02      2    
PAD_mkey[47]      1      1  2420.71  2414.90  2426.53  2414.90  2426.53     0.02      2    
PAD_mkey[48]      1      1  2420.71  2414.90  2426.53  2414.90  2426.53     0.02      2    
PAD_mkey[49]      1      1  2420.71  2414.90  2426.53  2414.90  2426.53     0.02      2    
PAD_mkey[50]      1      1  2420.71  2414.90  2426.53  2414.90  2426.53     0.02      2    
PAD_mkey[51]      1      1  2420.71  2414.90  2426.53  2414.90  2426.53     0.02      2    
PAD_mkey[52]      1      1  2420.71  2414.90  2426.53  2414.90  2426.53     0.02      2    
PAD_mkey[53]      1      1  2420.71  2414.90  2426.53  2414.90  2426.53     0.02      2    
PAD_mkey[54]      1      1  2420.71  2414.90  2426.53  2414.90  2426.53     0.02      2    
PAD_mkey[55]      1      1  2420.71  2414.90  2426.53  2414.90  2426.53     0.02      2    
PAD_mkey[56]      1      1  2420.71  2414.90  2426.53  2414.90  2426.53     0.02      2    
PAD_mkey[57]      1      1  2420.71  2414.90  2426.53  2414.90  2426.53     0.02      2    
PAD_mkey[58]      1      1  2420.71  2414.90  2426.53  2414.90  2426.53     0.02      2    
PAD_mkey[59]      1      1  2420.71  2414.90  2426.53  2414.90  2426.53     0.02      2    
PAD_mkey[60]      1      1  2420.71  2414.90  2426.53  2414.90  2426.53     0.02      2    
PAD_mkey[61]      1      1  2420.71  2414.90  2426.53  2414.90  2426.53     0.02      2    
PAD_mkey[62]      1      1  2420.71  2414.90  2426.53  2414.90  2426.53     0.02      2    
PAD_mkey[63]      1      1  2420.71  2414.90  2426.53  2414.90  2426.53     0.02      2    
PAD_mkey[64]      1      1  2420.71  2414.90  2426.53  2414.90  2426.53     0.02      2    
PAD_mkey[65]      1      1  2420.71  2414.90  2426.53  2414.90  2426.53     0.02      2    
PAD_mkey[66]      1      1  2420.71  2414.90  2426.53  2414.90  2426.53     0.02      2    
PAD_mkey[67]      1      1  2420.71  2414.90  2426.53  2414.90  2426.53     0.02      2    
PAD_mkey[68]      1      1  2420.71  2414.90  2426.53  2414.90  2426.53     0.02      2    
PAD_mkey[69]      1      1  2420.71  2414.90  2426.53  2414.90  2426.53     0.02      2    
PAD_mkey[70]      1      1  2420.71  2414.90  2426.53  2414.90  2426.53     0.02      2    
PAD_mkey[71]      1      1  2420.71  2414.90  2426.53  2414.90  2426.53     0.02      2    
PAD_mkey[72]      1      1  2420.71  2414.90  2426.53  2414.90  2426.53     0.02      2    
PAD_mkey[73]      1      1  2420.71  2414.90  2426.53  2414.90  2426.53     0.02      2    
PAD_mkey[74]      1      1  2420.71  2414.90  2426.53  2414.90  2426.53     0.02      2    
PAD_mkey[75]      1      1  2420.71  2414.90  2426.53  2414.90  2426.53     0.02      2    
PAD_mkey[76]      1      1  2420.71  2414.90  2426.53  2414.90  2426.53     0.02      2    
PAD_mkey[77]      1      1  2420.71  2414.90  2426.53  2414.90  2426.53     0.02      2    
PAD_mkey[78]      1      1  2420.71  2414.90  2426.53  2414.90  2426.53     0.02      2    
PAD_mkey[79]      1      1  2420.71  2414.90  2426.53  2414.90  2426.53     0.02      2    
PAD_mkey[80]      1      1  2420.71  2414.90  2426.53  2414.90  2426.53     0.02      2    
PAD_mkey[81]      1      1  2420.71  2414.90  2426.53  2414.90  2426.53     0.02      2    
PAD_mkey[82]      1      1  2420.71  2414.90  2426.53  2414.90  2426.53     0.02      2    
PAD_mkey[83]      1      1  2420.71  2414.90  2426.53  2414.90  2426.53     0.02      2    
PAD_mkey[84]      1      1  2420.71  2414.90  2426.53  2414.90  2426.53     0.02      2    
PAD_mkey[85]      1      1  2420.71  2414.90  2426.53  2414.90  2426.53     0.02      2    
PAD_mkey[86]      1      1  2420.71  2414.90  2426.53  2414.90  2426.53     0.02      2    
PAD_mkey[87]      1      1  2420.71  2414.90  2426.53  2414.90  2426.53     0.02      2    
PAD_mkey[88]      1      1  2420.71  2414.90  2426.53  2414.90  2426.53     0.02      2    
PAD_mkey[89]      1      1  2420.71  2414.90  2426.53  2414.90  2426.53     0.02      2    
PAD_mkey[90]      1      1  2420.71  2414.90  2426.53  2414.90  2426.53     0.02      2    
PAD_mkey[91]      1      1  2420.71  2414.90  2426.53  2414.90  2426.53     0.02      2    
PAD_mkey[92]      1      1  2420.71  2414.90  2426.53  2414.90  2426.53     0.02      2    
PAD_mkey[93]      1      1  2420.71  2414.90  2426.53  2414.90  2426.53     0.02      2    
PAD_mkey[94]      1      1  2420.71  2414.90  2426.53  2414.90  2426.53     0.02      2    
PAD_mkey[95]      1      1  2420.71  2414.90  2426.53  2414.90  2426.53     0.02      2    
PAD_mkey[96]      1      1  2420.71  2414.90  2426.53  2414.90  2426.53     0.02      2    
PAD_mkey[97]      1      1  2420.71  2414.90  2426.53  2414.90  2426.53     0.02      2    
PAD_mkey[98]      1      1  2420.71  2414.90  2426.53  2414.90  2426.53     0.02      2    
PAD_mkey[99]      1      1  2420.71  2414.90  2426.53  2414.90  2426.53     0.02      2    
PAD_mkey[100]      1      1  2420.71  2414.90  2426.53  2414.90  2426.53     0.02      2   
PAD_mkey[101]      1      1  2420.71  2414.90  2426.53  2414.90  2426.53     0.02      2   
PAD_mkey[102]      1      1  2420.71  2414.90  2426.53  2414.90  2426.53     0.02      2   
PAD_mkey[103]      1      1  2420.71  2414.90  2426.53  2414.90  2426.53     0.02      2   
PAD_mkey[104]      1      1  2420.71  2414.90  2426.53  2414.90  2426.53     0.02      2   
PAD_mkey[105]      1      1  2420.71  2414.90  2426.53  2414.90  2426.53     0.02      2   
PAD_mkey[106]      1      1  2420.71  2414.90  2426.53  2414.90  2426.53     0.02      2   
PAD_mkey[107]      1      1  2420.71  2414.90  2426.53  2414.90  2426.53     0.02      2   
PAD_mkey[108]      1      1  2420.71  2414.90  2426.53  2414.90  2426.53     0.02      2   
PAD_mkey[109]      1      1  2420.71  2414.90  2426.53  2414.90  2426.53     0.02      2   
PAD_mkey[110]      1      1  2420.71  2414.90  2426.53  2414.90  2426.53     0.02      2   
PAD_mkey[111]      1      1  2420.71  2414.90  2426.53  2414.90  2426.53     0.02      2   
PAD_mkey[112]      1      1  2420.71  2414.90  2426.53  2414.90  2426.53     0.02      2   
PAD_mkey[113]      1      1  2420.71  2414.90  2426.53  2414.90  2426.53     0.02      2   
PAD_mkey[114]      1      1  2420.71  2414.90  2426.53  2414.90  2426.53     0.02      2   
PAD_mkey[115]      1      1  2420.71  2414.90  2426.53  2414.90  2426.53     0.02      2   
PAD_mkey[116]      1      1  2420.71  2414.90  2426.53  2414.90  2426.53     0.02      2   
PAD_mkey[117]      1      1  2420.71  2414.90  2426.53  2414.90  2426.53     0.02      2   
PAD_mkey[118]      1      1  2420.71  2414.90  2426.53  2414.90  2426.53     0.02      2   
PAD_mkey[119]      1      1  2420.71  2414.90  2426.53  2414.90  2426.53     0.02      2   
PAD_mkey[120]      1      1  2420.71  2414.90  2426.53  2414.90  2426.53     0.02      2   
PAD_mkey[121]      1      1  2420.71  2414.90  2426.53  2414.90  2426.53     0.02      2   
PAD_mkey[122]      1      1  2420.71  2414.90  2426.53  2414.90  2426.53     0.02      2   
PAD_mkey[123]      1      1  2420.71  2414.90  2426.53  2414.90  2426.53     0.02      2   
PAD_mkey[124]      1      1  2420.71  2414.90  2426.53  2414.90  2426.53     0.02      2   
PAD_mkey[125]      1      1  2420.71  2414.90  2426.53  2414.90  2426.53     0.02      2   
PAD_mkey[126]      1      1  2420.71  2414.90  2426.53  2414.90  2426.53     0.02      2   
PAD_mkey[127]      1      1  2420.71  2414.90  2426.53  2414.90  2426.53     0.02      2   
PAD_plaintext[0]      1      1  2420.71  2414.90  2426.53  2414.90  2426.53     0.02      2
PAD_plaintext[1]      1      1  2420.71  2414.90  2426.53  2414.90  2426.53     0.02      2
PAD_plaintext[2]      1      1  2420.71  2414.90  2426.53  2414.90  2426.53     0.02      2
PAD_plaintext[3]      1      1  2420.71  2414.90  2426.53  2414.90  2426.53     0.02      2
PAD_plaintext[4]      1      1  2420.71  2414.90  2426.53  2414.90  2426.53     0.02      2
PAD_plaintext[5]      1      1  2420.71  2414.90  2426.53  2414.90  2426.53     0.02      2
PAD_plaintext[6]      1      1  2420.71  2414.90  2426.53  2414.90  2426.53     0.02      2
PAD_plaintext[7]      1      1  2420.71  2414.90  2426.53  2414.90  2426.53     0.02      2
PAD_plaintext[8]      1      1  2420.71  2414.90  2426.53  2414.90  2426.53     0.02      2
PAD_plaintext[9]      1      1  2420.71  2414.90  2426.53  2414.90  2426.53     0.02      2
PAD_plaintext[10]      1      1  2420.71  2414.90  2426.53  2414.90  2426.53     0.02      2
PAD_plaintext[11]      1      1  2420.71  2414.90  2426.53  2414.90  2426.53     0.02      2
PAD_plaintext[12]      1      1  2420.71  2414.90  2426.53  2414.90  2426.53     0.02      2
PAD_plaintext[13]      1      1  2420.71  2414.90  2426.53  2414.90  2426.53     0.02      2
PAD_plaintext[14]      1      1  2420.71  2414.90  2426.53  2414.90  2426.53     0.02      2
PAD_plaintext[15]      1      1  2420.71  2414.90  2426.53  2414.90  2426.53     0.02      2
PAD_plaintext[16]      1      1  2420.71  2414.90  2426.53  2414.90  2426.53     0.02      2
PAD_plaintext[17]      1      1  2420.71  2414.90  2426.53  2414.90  2426.53     0.02      2
PAD_plaintext[18]      1      1  2420.71  2414.90  2426.53  2414.90  2426.53     0.02      2
PAD_plaintext[19]      1      1  2420.71  2414.90  2426.53  2414.90  2426.53     0.02      2
PAD_plaintext[20]      1      1  2420.71  2414.90  2426.53  2414.90  2426.53     0.02      2
PAD_plaintext[21]      1      1  2420.71  2414.90  2426.53  2414.90  2426.53     0.02      2
PAD_plaintext[22]      1      1  2420.71  2414.90  2426.53  2414.90  2426.53     0.02      2
PAD_plaintext[23]      1      1  2420.71  2414.90  2426.53  2414.90  2426.53     0.02      2
PAD_plaintext[24]      1      1  2420.71  2414.90  2426.53  2414.90  2426.53     0.02      2
PAD_plaintext[25]      1      1  2420.71  2414.90  2426.53  2414.90  2426.53     0.02      2
PAD_plaintext[26]      1      1  2420.71  2414.90  2426.53  2414.90  2426.53     0.02      2
PAD_plaintext[27]      1      1  2420.71  2414.90  2426.53  2414.90  2426.53     0.02      2
PAD_plaintext[28]      1      1  2420.71  2414.90  2426.53  2414.90  2426.53     0.02      2
PAD_plaintext[29]      1      1  2420.71  2414.90  2426.53  2414.90  2426.53     0.02      2
PAD_plaintext[30]      1      1  2420.71  2414.90  2426.53  2414.90  2426.53     0.02      2
PAD_plaintext[31]      1      1  2420.71  2414.90  2426.53  2414.90  2426.53     0.02      2
PAD_plaintext[32]      1      1  2420.71  2414.90  2426.53  2414.90  2426.53     0.02      2
PAD_plaintext[33]      1      1  2420.71  2414.90  2426.53  2414.90  2426.53     0.02      2
PAD_plaintext[34]      1      1  2420.71  2414.90  2426.53  2414.90  2426.53     0.02      2
PAD_plaintext[35]      1      1  2420.71  2414.90  2426.53  2414.90  2426.53     0.02      2
PAD_plaintext[36]      1      1  2420.71  2414.90  2426.53  2414.90  2426.53     0.02      2
PAD_plaintext[37]      1      1  2420.71  2414.90  2426.53  2414.90  2426.53     0.02      2
PAD_plaintext[38]      1      1  2420.71  2414.90  2426.53  2414.90  2426.53     0.02      2
PAD_plaintext[39]      1      1  2420.71  2414.90  2426.53  2414.90  2426.53     0.02      2
PAD_plaintext[40]      1      1  2420.71  2414.90  2426.53  2414.90  2426.53     0.02      2
PAD_plaintext[41]      1      1  2420.71  2414.90  2426.53  2414.90  2426.53     0.02      2
PAD_plaintext[42]      1      1  2420.71  2414.90  2426.53  2414.90  2426.53     0.02      2
PAD_plaintext[43]      1      1  2420.71  2414.90  2426.53  2414.90  2426.53     0.02      2
PAD_plaintext[44]      1      1  2420.71  2414.90  2426.53  2414.90  2426.53     0.02      2
PAD_plaintext[45]      1      1  2420.71  2414.90  2426.53  2414.90  2426.53     0.02      2
PAD_plaintext[46]      1      1  2420.71  2414.90  2426.53  2414.90  2426.53     0.02      2
PAD_plaintext[47]      1      1  2420.71  2414.90  2426.53  2414.90  2426.53     0.02      2
PAD_plaintext[48]      1      1  2420.71  2414.90  2426.53  2414.90  2426.53     0.02      2
PAD_plaintext[49]      1      1  2420.71  2414.90  2426.53  2414.90  2426.53     0.02      2
PAD_plaintext[50]      1      1  2420.71  2414.90  2426.53  2414.90  2426.53     0.02      2
PAD_plaintext[51]      1      1  2420.71  2414.90  2426.53  2414.90  2426.53     0.02      2
PAD_plaintext[52]      1      1  2420.71  2414.90  2426.53  2414.90  2426.53     0.02      2
PAD_plaintext[53]      1      1  2420.71  2414.90  2426.53  2414.90  2426.53     0.02      2
PAD_plaintext[54]      1      1  2420.71  2414.90  2426.53  2414.90  2426.53     0.02      2
PAD_plaintext[55]      1      1  2420.71  2414.90  2426.53  2414.90  2426.53     0.02      2
PAD_plaintext[56]      1      1  2420.71  2414.90  2426.53  2414.90  2426.53     0.02      2
PAD_plaintext[57]      1      1  2420.71  2414.90  2426.53  2414.90  2426.53     0.02      2
PAD_plaintext[58]      1      1  2420.71  2414.90  2426.53  2414.90  2426.53     0.02      2
PAD_plaintext[59]      1      1  2420.71  2414.90  2426.53  2414.90  2426.53     0.02      2
PAD_plaintext[60]      1      1  2420.71  2414.90  2426.53  2414.90  2426.53     0.02      2
PAD_plaintext[61]      1      1  2420.71  2414.90  2426.53  2414.90  2426.53     0.02      2
PAD_plaintext[62]      1      1  2420.71  2414.90  2426.53  2414.90  2426.53     0.02      2
PAD_plaintext[63]      1      1  2420.71  2414.90  2426.53  2414.90  2426.53     0.02      2
PAD_plaintext[64]      1      1  2420.71  2414.90  2426.53  2414.90  2426.53     0.02      2
PAD_plaintext[65]      1      1  2420.71  2414.90  2426.53  2414.90  2426.53     0.02      2
PAD_plaintext[66]      1      1  2420.71  2414.90  2426.53  2414.90  2426.53     0.02      2
PAD_plaintext[67]      1      1  2420.71  2414.90  2426.53  2414.90  2426.53     0.02      2
PAD_plaintext[68]      1      1  2420.71  2414.90  2426.53  2414.90  2426.53     0.02      2
PAD_plaintext[69]      1      1  2420.71  2414.90  2426.53  2414.90  2426.53     0.02      2
PAD_plaintext[70]      1      1  2420.71  2414.90  2426.53  2414.90  2426.53     0.02      2
PAD_plaintext[71]      1      1  2420.71  2414.90  2426.53  2414.90  2426.53     0.02      2
PAD_plaintext[72]      1      1  2420.71  2414.90  2426.53  2414.90  2426.53     0.02      2
PAD_plaintext[73]      1      1  2420.71  2414.90  2426.53  2414.90  2426.53     0.02      2
PAD_plaintext[74]      1      1  2420.71  2414.90  2426.53  2414.90  2426.53     0.02      2
PAD_plaintext[75]      1      1  2420.71  2414.90  2426.53  2414.90  2426.53     0.02      2
PAD_plaintext[76]      1      1  2420.71  2414.90  2426.53  2414.90  2426.53     0.02      2
PAD_plaintext[77]      1      1  2420.71  2414.90  2426.53  2414.90  2426.53     0.02      2
PAD_plaintext[78]      1      1  2420.71  2414.90  2426.53  2414.90  2426.53     0.02      2
PAD_plaintext[79]      1      1  2420.71  2414.90  2426.53  2414.90  2426.53     0.02      2
PAD_plaintext[80]      1      1  2420.71  2414.90  2426.53  2414.90  2426.53     0.02      2
PAD_plaintext[81]      1      1  2420.71  2414.90  2426.53  2414.90  2426.53     0.02      2
PAD_plaintext[82]      1      1  2420.71  2414.90  2426.53  2414.90  2426.53     0.02      2
PAD_plaintext[83]      1      1  2420.71  2414.90  2426.53  2414.90  2426.53     0.02      2
PAD_plaintext[84]      1      1  2420.71  2414.90  2426.53  2414.90  2426.53     0.02      2
PAD_plaintext[85]      1      1  2420.71  2414.90  2426.53  2414.90  2426.53     0.02      2
PAD_plaintext[86]      1      1  2420.71  2414.90  2426.53  2414.90  2426.53     0.02      2
PAD_plaintext[87]      1      1  2420.71  2414.90  2426.53  2414.90  2426.53     0.02      2
PAD_plaintext[88]      1      1  2420.71  2414.90  2426.53  2414.90  2426.53     0.02      2
PAD_plaintext[89]      1      1  2420.71  2414.90  2426.53  2414.90  2426.53     0.02      2
PAD_plaintext[90]      1      1  2420.71  2414.90  2426.53  2414.90  2426.53     0.02      2
PAD_plaintext[91]      1      1  2420.71  2414.90  2426.53  2414.90  2426.53     0.02      2
PAD_plaintext[92]      1      1  2420.71  2414.90  2426.53  2414.90  2426.53     0.02      2
PAD_plaintext[93]      1      1  2420.71  2414.90  2426.53  2414.90  2426.53     0.02      2
PAD_plaintext[94]      1      1  2420.71  2414.90  2426.53  2414.90  2426.53     0.02      2
PAD_plaintext[95]      1      1  2420.71  2414.90  2426.53  2414.90  2426.53     0.02      2
PAD_plaintext[96]      1      1  2420.71  2414.90  2426.53  2414.90  2426.53     0.02      2
PAD_plaintext[97]      1      1  2420.71  2414.90  2426.53  2414.90  2426.53     0.02      2
PAD_plaintext[98]      1      1  2420.71  2414.90  2426.53  2414.90  2426.53     0.02      2
PAD_plaintext[99]      1      1  2420.71  2414.90  2426.53  2414.90  2426.53     0.02      2
PAD_plaintext[100]      1      1  2420.71  2414.90  2426.53  2414.90  2426.53     0.02      2
PAD_plaintext[101]      1      1  2420.71  2414.90  2426.53  2414.90  2426.53     0.02      2
PAD_plaintext[102]      1      1  2420.71  2414.90  2426.53  2414.90  2426.53     0.02      2
PAD_plaintext[103]      1      1  2420.71  2414.90  2426.53  2414.90  2426.53     0.02      2
PAD_plaintext[104]      1      1  2420.71  2414.90  2426.53  2414.90  2426.53     0.02      2
PAD_plaintext[105]      1      1  2420.71  2414.90  2426.53  2414.90  2426.53     0.02      2
PAD_plaintext[106]      1      1  2420.71  2414.90  2426.53  2414.90  2426.53     0.02      2
PAD_plaintext[107]      1      1  2420.71  2414.90  2426.53  2414.90  2426.53     0.02      2
PAD_plaintext[108]      1      1  2420.71  2414.90  2426.53  2414.90  2426.53     0.02      2
PAD_plaintext[109]      1      1  2420.71  2414.90  2426.53  2414.90  2426.53     0.02      2
PAD_plaintext[110]      1      1  2420.71  2414.90  2426.53  2414.90  2426.53     0.02      2
PAD_plaintext[111]      1      1  2420.71  2414.90  2426.53  2414.90  2426.53     0.02      2
PAD_plaintext[112]      1      1  2420.71  2414.90  2426.53  2414.90  2426.53     0.02      2
PAD_plaintext[113]      1      1  2420.71  2414.90  2426.53  2414.90  2426.53     0.02      2
PAD_plaintext[114]      1      1  2420.71  2414.90  2426.53  2414.90  2426.53     0.02      2
PAD_plaintext[115]      1      1  2420.71  2414.90  2426.53  2414.90  2426.53     0.02      2
PAD_plaintext[116]      1      1  2420.71  2414.90  2426.53  2414.90  2426.53     0.02      2
PAD_plaintext[117]      1      1  2420.71  2414.90  2426.53  2414.90  2426.53     0.02      2
PAD_plaintext[118]      1      1  2420.71  2414.90  2426.53  2414.90  2426.53     0.02      2
PAD_plaintext[119]      1      1  2420.71  2414.90  2426.53  2414.90  2426.53     0.02      2
PAD_plaintext[120]      1      1  2420.71  2414.90  2426.53  2414.90  2426.53     0.02      2
PAD_plaintext[121]      1      1  2420.71  2414.90  2426.53  2414.90  2426.53     0.02      2
PAD_plaintext[122]      1      1  2420.71  2414.90  2426.53  2414.90  2426.53     0.02      2
PAD_plaintext[123]      1      1  2420.71  2414.90  2426.53  2414.90  2426.53     0.02      2
PAD_plaintext[124]      1      1  2420.71  2414.90  2426.53  2414.90  2426.53     0.02      2
PAD_plaintext[125]      1      1  2420.71  2414.90  2426.53  2414.90  2426.53     0.02      2
PAD_plaintext[126]      1      1  2420.71  2414.90  2426.53  2414.90  2426.53     0.02      2
PAD_plaintext[127]      1      1  2420.71  2414.90  2426.53  2414.90  2426.53     0.02      2
PAD_rst_n      1      1     0.00     0.00     0.00     0.00      0.00      0.02       2    d, I
busy      1      1       0.68      0.76      0.76      0.55      0.55      0.04       2    
ciphertext[0]      1      1    26.27    26.52    26.02    26.52    26.02     0.06      2   
ciphertext[1]      1      1    26.27    26.52    26.02    26.52    26.02     0.06      2   
ciphertext[2]      1      1    26.27    26.52    26.02    26.52    26.02     0.06      2   
ciphertext[3]      1      1    26.27    26.52    26.02    26.52    26.02     0.06      2   
ciphertext[4]      1      1    26.27    26.52    26.02    26.52    26.02     0.06      2   
ciphertext[5]      1      1    26.27    26.52    26.02    26.52    26.02     0.06      2   
ciphertext[6]      1      1    26.27    26.52    26.02    26.52    26.02     0.06      2   
ciphertext[7]      1      1    26.27    26.52    26.02    26.52    26.02     0.06      2   
ciphertext[8]      1      1    26.27    26.52    26.02    26.52    26.02     0.06      2   
ciphertext[9]      1      1    26.27    26.52    26.02    26.52    26.02     0.06      2   
ciphertext[10]      1      1    26.27    26.52    26.02    26.52    26.02     0.06      2  
ciphertext[11]      1      1    26.27    26.52    26.02    26.52    26.02     0.06      2  
ciphertext[12]      1      1    26.27    26.52    26.02    26.52    26.02     0.06      2  
ciphertext[13]      1      1    26.27    26.52    26.02    26.52    26.02     0.06      2  
ciphertext[14]      1      1    26.27    26.52    26.02    26.52    26.02     0.06      2  
ciphertext[15]      1      1    26.27    26.52    26.02    26.52    26.02     0.06      2  
ciphertext[16]      1      1    26.27    26.52    26.02    26.52    26.02     0.06      2  
ciphertext[17]      1      1    26.27    26.52    26.02    26.52    26.02     0.06      2  
ciphertext[18]      1      1    26.27    26.52    26.02    26.52    26.02     0.06      2  
ciphertext[19]      1      1    26.27    26.52    26.02    26.52    26.02     0.06      2  
ciphertext[20]      1      1    26.27    26.52    26.02    26.52    26.02     0.06      2  
ciphertext[21]      1      1    26.27    26.52    26.02    26.52    26.02     0.06      2  
ciphertext[22]      1      1    26.27    26.52    26.02    26.52    26.02     0.06      2  
ciphertext[23]      1      1    26.27    26.52    26.02    26.52    26.02     0.06      2  
ciphertext[24]      1      1    26.27    26.52    26.02    26.52    26.02     0.06      2  
ciphertext[25]      1      1    26.27    26.52    26.02    26.52    26.02     0.06      2  
ciphertext[26]      1      1    26.27    26.52    26.02    26.52    26.02     0.06      2  
ciphertext[27]      1      1    26.27    26.52    26.02    26.52    26.02     0.06      2  
ciphertext[28]      1      1    26.27    26.52    26.02    26.52    26.02     0.06      2  
ciphertext[29]      1      1    26.27    26.52    26.02    26.52    26.02     0.06      2  
ciphertext[30]      1      1    26.27    26.52    26.02    26.52    26.02     0.06      2  
ciphertext[31]      1      1    26.27    26.52    26.02    26.52    26.02     0.06      2  
ciphertext[32]      1      1    26.27    26.52    26.02    26.52    26.02     0.06      2  
ciphertext[33]      1      1    26.27    26.52    26.02    26.52    26.02     0.06      2  
ciphertext[34]      1      1    26.27    26.52    26.02    26.52    26.02     0.06      2  
ciphertext[35]      1      1    26.27    26.52    26.02    26.52    26.02     0.06      2  
ciphertext[36]      1      1    26.27    26.52    26.02    26.52    26.02     0.06      2  
ciphertext[37]      1      1    26.27    26.52    26.02    26.52    26.02     0.06      2  
ciphertext[38]      1      1    26.27    26.52    26.02    26.52    26.02     0.06      2  
ciphertext[39]      1      1    26.27    26.52    26.02    26.52    26.02     0.06      2  
ciphertext[40]      1      1    26.27    26.52    26.02    26.52    26.02     0.06      2  
ciphertext[41]      1      1    26.27    26.52    26.02    26.52    26.02     0.06      2  
ciphertext[42]      1      1    26.27    26.52    26.02    26.52    26.02     0.06      2  
ciphertext[43]      1      1    26.27    26.52    26.02    26.52    26.02     0.06      2  
ciphertext[44]      1      1    26.27    26.52    26.02    26.52    26.02     0.06      2  
ciphertext[45]      1      1    26.27    26.52    26.02    26.52    26.02     0.06      2  
ciphertext[46]      1      1    26.27    26.52    26.02    26.52    26.02     0.06      2  
ciphertext[47]      1      1    26.27    26.52    26.02    26.52    26.02     0.06      2  
ciphertext[48]      1      1    26.27    26.52    26.02    26.52    26.02     0.06      2  
ciphertext[49]      1      1    26.27    26.52    26.02    26.52    26.02     0.06      2  
ciphertext[50]      1      1    26.27    26.52    26.02    26.52    26.02     0.06      2  
ciphertext[51]      1      1    26.27    26.52    26.02    26.52    26.02     0.06      2  
ciphertext[52]      1      1    26.27    26.52    26.02    26.52    26.02     0.06      2  
ciphertext[53]      1      1    26.27    26.52    26.02    26.52    26.02     0.06      2  
ciphertext[54]      1      1    26.27    26.52    26.02    26.52    26.02     0.06      2  
ciphertext[55]      1      1    26.27    26.52    26.02    26.52    26.02     0.06      2  
ciphertext[56]      1      1    26.27    26.52    26.02    26.52    26.02     0.06      2  
ciphertext[57]      1      1    26.27    26.52    26.02    26.52    26.02     0.06      2  
ciphertext[58]      1      1    26.27    26.52    26.02    26.52    26.02     0.06      2  
ciphertext[59]      1      1    26.27    26.52    26.02    26.52    26.02     0.06      2  
ciphertext[60]      1      1    26.27    26.52    26.02    26.52    26.02     0.06      2  
ciphertext[61]      1      1    26.27    26.52    26.02    26.52    26.02     0.06      2  
ciphertext[62]      1      1    26.27    26.52    26.02    26.52    26.02     0.06      2  
ciphertext[63]      1      1    26.27    26.52    26.02    26.52    26.02     0.06      2  
ciphertext[64]      1      1    26.27    26.52    26.02    26.52    26.02     0.06      2  
ciphertext[65]      1      1    26.27    26.52    26.02    26.52    26.02     0.06      2  
ciphertext[66]      1      1    26.27    26.52    26.02    26.52    26.02     0.06      2  
ciphertext[67]      1      1    26.27    26.52    26.02    26.52    26.02     0.06      2  
ciphertext[68]      1      1    26.27    26.52    26.02    26.52    26.02     0.06      2  
ciphertext[69]      1      1    26.27    26.52    26.02    26.52    26.02     0.06      2  
ciphertext[70]      1      1    26.27    26.52    26.02    26.52    26.02     0.06      2  
ciphertext[71]      1      1    26.27    26.52    26.02    26.52    26.02     0.06      2  
ciphertext[72]      1      1    26.27    26.52    26.02    26.52    26.02     0.06      2  
ciphertext[73]      1      1    26.27    26.52    26.02    26.52    26.02     0.06      2  
ciphertext[74]      1      1    26.27    26.52    26.02    26.52    26.02     0.06      2  
ciphertext[75]      1      1    26.27    26.52    26.02    26.52    26.02     0.06      2  
ciphertext[76]      1      1    26.27    26.52    26.02    26.52    26.02     0.06      2  
ciphertext[77]      1      1    26.27    26.52    26.02    26.52    26.02     0.06      2  
ciphertext[78]      1      1    26.27    26.52    26.02    26.52    26.02     0.06      2  
ciphertext[79]      1      1    26.27    26.52    26.02    26.52    26.02     0.06      2  
ciphertext[80]      1      1    26.27    26.52    26.02    26.52    26.02     0.06      2  
ciphertext[81]      1      1    26.27    26.52    26.02    26.52    26.02     0.06      2  
ciphertext[82]      1      1    26.27    26.52    26.02    26.52    26.02     0.06      2  
ciphertext[83]      1      1    26.27    26.52    26.02    26.52    26.02     0.06      2  
ciphertext[84]      1      1    26.27    26.52    26.02    26.52    26.02     0.06      2  
ciphertext[85]      1      1    26.27    26.52    26.02    26.52    26.02     0.06      2  
ciphertext[86]      1      1    26.27    26.52    26.02    26.52    26.02     0.06      2  
ciphertext[87]      1      1    26.27    26.52    26.02    26.52    26.02     0.06      2  
ciphertext[88]      1      1    26.27    26.52    26.02    26.52    26.02     0.06      2  
ciphertext[89]      1      1    26.27    26.52    26.02    26.52    26.02     0.06      2  
ciphertext[90]      1      1    26.27    26.52    26.02    26.52    26.02     0.06      2  
ciphertext[91]      1      1    26.27    26.52    26.02    26.52    26.02     0.06      2  
ciphertext[92]      1      1    26.27    26.52    26.02    26.52    26.02     0.06      2  
ciphertext[93]      1      1    26.27    26.52    26.02    26.52    26.02     0.06      2  
ciphertext[94]      1      1    26.27    26.52    26.02    26.52    26.02     0.06      2  
ciphertext[95]      1      1    26.27    26.52    26.02    26.52    26.02     0.06      2  
ciphertext[96]      1      1    26.27    26.52    26.02    26.52    26.02     0.06      2  
ciphertext[97]      1      1    26.27    26.52    26.02    26.52    26.02     0.06      2  
ciphertext[98]      1      1    26.27    26.52    26.02    26.52    26.02     0.06      2  
ciphertext[99]      1      1    26.27    26.52    26.02    26.52    26.02     0.06      2  
ciphertext[100]      1      1    26.27    26.52    26.02    26.52    26.02     0.06      2 
ciphertext[101]      1      1    26.27    26.52    26.02    26.52    26.02     0.06      2 
ciphertext[102]      1      1    26.27    26.52    26.02    26.52    26.02     0.06      2 
ciphertext[103]      1      1    26.27    26.52    26.02    26.52    26.02     0.06      2 
ciphertext[104]      1      1    26.27    26.52    26.02    26.52    26.02     0.06      2 
ciphertext[105]      1      1    26.27    26.52    26.02    26.52    26.02     0.06      2 
ciphertext[106]      1      1    26.27    26.52    26.02    26.52    26.02     0.06      2 
ciphertext[107]      1      1    26.27    26.52    26.02    26.52    26.02     0.06      2 
ciphertext[108]      1      1    26.27    26.52    26.02    26.52    26.02     0.06      2 
ciphertext[109]      1      1    26.27    26.52    26.02    26.52    26.02     0.06      2 
ciphertext[110]      1      1    26.27    26.52    26.02    26.52    26.02     0.06      2 
ciphertext[111]      1      1    26.27    26.52    26.02    26.52    26.02     0.06      2 
ciphertext[112]      1      1    26.27    26.52    26.02    26.52    26.02     0.06      2 
ciphertext[113]      1      1    26.27    26.52    26.02    26.52    26.02     0.06      2 
ciphertext[114]      1      1    26.27    26.52    26.02    26.52    26.02     0.06      2 
ciphertext[115]      1      1    26.27    26.52    26.02    26.52    26.02     0.06      2 
ciphertext[116]      1      1    26.27    26.52    26.02    26.52    26.02     0.06      2 
ciphertext[117]      1      1    26.27    26.52    26.02    26.52    26.02     0.06      2 
ciphertext[118]      1      1    26.27    26.52    26.02    26.52    26.02     0.06      2 
ciphertext[119]      1      1    26.27    26.52    26.02    26.52    26.02     0.06      2 
ciphertext[120]      1      1    26.27    26.52    26.02    26.52    26.02     0.06      2 
ciphertext[121]      1      1    26.27    26.52    26.02    26.52    26.02     0.06      2 
ciphertext[122]      1      1    26.27    26.52    26.02    26.52    26.02     0.06      2 
ciphertext[123]      1      1    26.27    26.52    26.02    26.52    26.02     0.06      2 
ciphertext[124]      1      1    26.27    26.52    26.02    26.52    26.02     0.06      2 
ciphertext[125]      1      1    26.27    26.52    26.02    26.52    26.02     0.06      2 
ciphertext[126]      1      1    26.27    26.52    26.02    26.52    26.02     0.06      2 
ciphertext[127]      1      1    26.27    26.52    26.02    26.52    26.02     0.06      2 
clk    414      1        0.00      0.00      0.00      0.00      0.00      6.95     415    dr, d, I, h
din_valid      2      1     1.04     1.17     1.17     0.83      0.84      0.09       3    
dout_valid      1      1     0.53     0.61     0.61     0.42     0.42      0.06       2    
load_mkey     12      1     6.35     7.35     7.35     5.06      5.08      0.60      13    
mkey[0]      1      1     0.45     0.54      0.56      0.40      0.39      0.06       2    
mkey[1]      1      1     0.45     0.54      0.56      0.40      0.39      0.06       2    
mkey[2]      1      1     0.45     0.54      0.56      0.40      0.39      0.06       2    
mkey[3]      1      1     0.45     0.54      0.56      0.40      0.39      0.06       2    
mkey[4]      1      1     0.45     0.54      0.56      0.40      0.39      0.06       2    
mkey[5]      1      1     0.45     0.54      0.56      0.40      0.39      0.06       2    
mkey[6]      1      1     0.45     0.54      0.56      0.40      0.39      0.06       2    
mkey[7]      1      1     0.45     0.54      0.56      0.40      0.39      0.06       2    
mkey[8]      1      1     0.45     0.54      0.56      0.40      0.39      0.06       2    
mkey[9]      1      1     0.45     0.54      0.56      0.40      0.39      0.06       2    
mkey[10]      1      1     0.45     0.54     0.56      0.40      0.39      0.06       2    
mkey[11]      1      1     0.45     0.54     0.56      0.40      0.39      0.06       2    
mkey[12]      1      1     0.45     0.54     0.56      0.40      0.39      0.06       2    
mkey[13]      1      1     0.45     0.54     0.56      0.40      0.39      0.06       2    
mkey[14]      1      1     0.45     0.54     0.56      0.40      0.39      0.06       2    
mkey[15]      1      1     0.45     0.54     0.56      0.40      0.39      0.06       2    
mkey[16]      1      1     0.45     0.54     0.56      0.40      0.39      0.06       2    
mkey[17]      1      1     0.45     0.54     0.56      0.40      0.39      0.06       2    
mkey[18]      1      1     0.45     0.54     0.56      0.40      0.39      0.06       2    
mkey[19]      1      1     0.45     0.54     0.56      0.40      0.39      0.06       2    
mkey[20]      1      1     0.45     0.54     0.56      0.40      0.39      0.06       2    
mkey[21]      1      1     0.45     0.54     0.56      0.40      0.39      0.06       2    
mkey[22]      1      1     0.45     0.54     0.56      0.40      0.39      0.06       2    
mkey[23]      1      1     0.45     0.54     0.56      0.40      0.39      0.06       2    
mkey[24]      1      1     0.45     0.54     0.56      0.40      0.39      0.06       2    
mkey[25]      1      1     0.45     0.54     0.56      0.40      0.39      0.06       2    
mkey[26]      1      1     0.45     0.54     0.56      0.40      0.39      0.06       2    
mkey[27]      1      1     0.45     0.54     0.56      0.40      0.39      0.06       2    
mkey[28]      1      1     0.45     0.54     0.56      0.40      0.39      0.06       2    
mkey[29]      1      1     0.45     0.54     0.56      0.40      0.39      0.06       2    
mkey[30]      1      1     0.45     0.54     0.56      0.40      0.39      0.06       2    
mkey[31]      1      1     0.45     0.54     0.56      0.40      0.39      0.06       2    
mkey[32]      1      1     0.45     0.54     0.56      0.40      0.39      0.06       2    
mkey[33]      1      1     0.45     0.54     0.56      0.40      0.39      0.06       2    
mkey[34]      1      1     0.45     0.54     0.56      0.40      0.39      0.06       2    
mkey[35]      1      1     0.45     0.54     0.56      0.40      0.39      0.06       2    
mkey[36]      1      1     0.45     0.54     0.56      0.40      0.39      0.06       2    
mkey[37]      1      1     0.45     0.54     0.56      0.40      0.39      0.06       2    
mkey[38]      1      1     0.45     0.54     0.56      0.40      0.39      0.06       2    
mkey[39]      1      1     0.45     0.54     0.56      0.40      0.39      0.06       2    
mkey[40]      1      1     0.45     0.54     0.56      0.40      0.39      0.06       2    
mkey[41]      1      1     0.45     0.54     0.56      0.40      0.39      0.06       2    
mkey[42]      1      1     0.45     0.54     0.56      0.40      0.39      0.06       2    
mkey[43]      1      1     0.45     0.54     0.56      0.40      0.39      0.06       2    
mkey[44]      1      1     0.45     0.54     0.56      0.40      0.39      0.06       2    
mkey[45]      1      1     0.45     0.54     0.56      0.40      0.39      0.06       2    
mkey[46]      1      1     0.45     0.54     0.56      0.40      0.39      0.06       2    
mkey[47]      1      1     0.45     0.54     0.56      0.40      0.39      0.06       2    
mkey[48]      1      1     0.45     0.54     0.56      0.40      0.39      0.06       2    
mkey[49]      1      1     0.45     0.54     0.56      0.40      0.39      0.06       2    
mkey[50]      1      1     0.45     0.54     0.56      0.40      0.39      0.06       2    
mkey[51]      1      1     0.45     0.54     0.56      0.40      0.39      0.06       2    
mkey[52]      1      1     0.45     0.54     0.56      0.40      0.39      0.06       2    
mkey[53]      1      1     0.45     0.54     0.56      0.40      0.39      0.06       2    
mkey[54]      1      1     0.45     0.54     0.56      0.40      0.39      0.06       2    
mkey[55]      1      1     0.45     0.54     0.56      0.40      0.39      0.06       2    
mkey[56]      1      1     0.45     0.54     0.56      0.40      0.39      0.06       2    
mkey[57]      1      1     0.45     0.54     0.56      0.40      0.39      0.06       2    
mkey[58]      1      1     0.45     0.54     0.56      0.40      0.39      0.06       2    
mkey[59]      1      1     0.45     0.54     0.56      0.40      0.39      0.06       2    
mkey[60]      1      1     0.45     0.54     0.56      0.40      0.39      0.06       2    
mkey[61]      1      1     0.45     0.54     0.56      0.40      0.39      0.06       2    
mkey[62]      1      1     0.45     0.54     0.56      0.40      0.39      0.06       2    
mkey[63]      1      1     0.45     0.54     0.56      0.40      0.39      0.06       2    
mkey[64]      1      1     0.45     0.54     0.56      0.40      0.39      0.06       2    
mkey[65]      1      1     0.45     0.54     0.56      0.40      0.39      0.06       2    
mkey[66]      1      1     0.45     0.54     0.56      0.40      0.39      0.06       2    
mkey[67]      1      1     0.45     0.54     0.56      0.40      0.39      0.06       2    
mkey[68]      1      1     0.45     0.54     0.56      0.40      0.39      0.06       2    
mkey[69]      1      1     0.45     0.54     0.56      0.40      0.39      0.06       2    
mkey[70]      1      1     0.45     0.54     0.56      0.40      0.39      0.06       2    
mkey[71]      1      1     0.45     0.54     0.56      0.40      0.39      0.06       2    
mkey[72]      1      1     0.45     0.54     0.56      0.40      0.39      0.06       2    
mkey[73]      1      1     0.45     0.54     0.56      0.40      0.39      0.06       2    
mkey[74]      1      1     0.45     0.54     0.56      0.40      0.39      0.06       2    
mkey[75]      1      1     0.45     0.54     0.56      0.40      0.39      0.06       2    
mkey[76]      1      1     0.45     0.54     0.56      0.40      0.39      0.06       2    
mkey[77]      1      1     0.45     0.54     0.56      0.40      0.39      0.06       2    
mkey[78]      1      1     0.45     0.54     0.56      0.40      0.39      0.06       2    
mkey[79]      1      1     0.45     0.54     0.56      0.40      0.39      0.06       2    
mkey[80]      1      1     0.45     0.54     0.56      0.40      0.39      0.06       2    
mkey[81]      1      1     0.45     0.54     0.56      0.40      0.39      0.06       2    
mkey[82]      1      1     0.45     0.54     0.56      0.40      0.39      0.06       2    
mkey[83]      1      1     0.45     0.54     0.56      0.40      0.39      0.06       2    
mkey[84]      1      1     0.45     0.54     0.56      0.40      0.39      0.06       2    
mkey[85]      1      1     0.45     0.54     0.56      0.40      0.39      0.06       2    
mkey[86]      1      1     0.45     0.54     0.56      0.40      0.39      0.06       2    
mkey[87]      1      1     0.45     0.54     0.56      0.40      0.39      0.06       2    
mkey[88]      1      1     0.45     0.54     0.56      0.40      0.39      0.06       2    
mkey[89]      1      1     0.45     0.54     0.56      0.40      0.39      0.06       2    
mkey[90]      1      1     0.45     0.54     0.56      0.40      0.39      0.06       2    
mkey[91]      1      1     0.45     0.54     0.56      0.40      0.39      0.06       2    
mkey[92]      1      1     0.45     0.54     0.56      0.40      0.39      0.06       2    
mkey[93]      1      1     0.45     0.54     0.56      0.40      0.39      0.06       2    
mkey[94]      1      1     0.45     0.54     0.56      0.40      0.39      0.06       2    
mkey[95]      1      1     0.45     0.54     0.56      0.40      0.39      0.06       2    
mkey[96]      1      1     0.45     0.54     0.56      0.40      0.39      0.06       2    
mkey[97]      1      1     0.45     0.54     0.56      0.40      0.39      0.06       2    
mkey[98]      1      1     0.45     0.54     0.56      0.40      0.39      0.06       2    
mkey[99]      1      1     0.45     0.54     0.56      0.40      0.39      0.06       2    
mkey[100]      1      1     0.45     0.54     0.56     0.40      0.39      0.06       2    
mkey[101]      1      1     0.45     0.54     0.56     0.40      0.39      0.06       2    
mkey[102]      1      1     0.45     0.54     0.56     0.40      0.39      0.06       2    
mkey[103]      1      1     0.45     0.54     0.56     0.40      0.39      0.06       2    
mkey[104]      1      1     0.45     0.54     0.56     0.40      0.39      0.06       2    
mkey[105]      1      1     0.45     0.54     0.56     0.40      0.39      0.06       2    
mkey[106]      1      1     0.45     0.54     0.56     0.40      0.39      0.06       2    
mkey[107]      1      1     0.45     0.54     0.56     0.40      0.39      0.06       2    
mkey[108]      1      1     0.45     0.54     0.56     0.40      0.39      0.06       2    
mkey[109]      1      1     0.45     0.54     0.56     0.40      0.39      0.06       2    
mkey[110]      1      1     0.45     0.54     0.56     0.40      0.39      0.06       2    
mkey[111]      1      1     0.45     0.54     0.56     0.40      0.39      0.06       2    
mkey[112]      1      1     0.45     0.54     0.56     0.40      0.39      0.06       2    
mkey[113]      1      1     0.45     0.54     0.56     0.40      0.39      0.06       2    
mkey[114]      1      1     0.45     0.54     0.56     0.40      0.39      0.06       2    
mkey[115]      1      1     0.45     0.54     0.56     0.40      0.39      0.06       2    
mkey[116]      1      1     0.45     0.54     0.56     0.40      0.39      0.06       2    
mkey[117]      1      1     0.45     0.54     0.56     0.40      0.39      0.06       2    
mkey[118]      1      1     0.45     0.54     0.56     0.40      0.39      0.06       2    
mkey[119]      1      1     0.45     0.54     0.56     0.40      0.39      0.06       2    
mkey[120]      1      1     0.45     0.54     0.56     0.40      0.39      0.06       2    
mkey[121]      1      1     0.45     0.54     0.56     0.40      0.39      0.06       2    
mkey[122]      1      1     0.45     0.54     0.56     0.40      0.39      0.06       2    
mkey[123]      1      1     0.45     0.54     0.56     0.40      0.39      0.06       2    
mkey[124]      1      1     0.45     0.54     0.56     0.40      0.39      0.06       2    
mkey[125]      1      1     0.45     0.54     0.56     0.40      0.39      0.06       2    
mkey[126]      1      1     0.45     0.54     0.56     0.40      0.39      0.06       2    
mkey[127]      1      1     0.45     0.54     0.56     0.40      0.39      0.06       2    
n1      1       1       26.26     26.51     26.02     26.51     26.02      0.02       2    
n2      1       1       26.26     26.51     26.02     26.51     26.02      0.02       2    
n133      1      1    2420.71   2414.90   2426.53   2414.90   2426.53      0.02       2    
n134      1      1    2420.71   2414.90   2426.53   2414.90   2426.53      0.02       2    
n_Logic1_    390      1   613.08   613.08   613.08   613.08    613.08      6.95     391    dr, h
rst_n    286      1      0.00      0.00      0.00      0.00      0.00      6.95     287    d, I, h
-----------------------------------------------------------------------------------------------
Total 657 nets   1886    657 814872.75 813417.81 816363.88 813388.88 816334.81    45.45   2413
Maximum    414      1  2420.71  2414.90   2426.53   2414.90   2426.53      6.95     415
Average   2.87   1.00  1240.29  1238.08   1242.56   1238.03   1242.52      0.07    3.67
1
